,0
0,199.0
1,211.5
2,214.5
3,284.5
4,184.5
5,250.0
6,213.0
7,237.5
8,196.0
9,239.5
10,291.5
11,212.5
12,164.5
13,196.0
14,233.0
15,195.5
16,215.5
17,187.0
18,177.5
19,236.5
20,197.0
21,198.0
22,231.0
23,182.5
24,229.0
25,235.0
26,288.0
27,187.0
28,164.0
29,202.5
30,231.5
31,230.0
32,291.0
33,251.5
34,240.0
35,202.0
36,209.5
37,277.0
38,186.0
39,267.5
40,214.0
41,209.5
42,204.5
43,240.5
44,217.0
45,208.5
46,232.5
47,202.5
48,218.0
49,284.0
50,206.0
51,287.5
52,176.0
53,241.5
54,249.0
55,278.5
56,189.5
57,258.0
58,231.0
59,187.0
60,175.5
61,282.0
62,193.0
63,211.5
64,233.0
65,251.0
66,184.0
67,185.5
68,191.0
69,200.5
70,285.5
71,197.0
72,242.5
73,229.5
74,163.5
75,220.5
76,212.0
77,247.0
78,225.5
79,187.5
80,195.0
81,202.5
82,202.0
83,157.0
84,235.0
85,170.5
86,293.0
87,235.5
88,233.5
89,173.0
90,215.5
91,235.0
92,212.0
93,232.0
94,251.0
95,275.5
96,180.0
97,219.5
98,235.0
99,294.5
