,0
0,215.0
1,199.0
2,211.5
3,285.5
4,189.5
5,255.0
6,201.0
7,224.5
8,185.5
9,233.5
10,279.0
11,195.5
12,170.0
13,183.0
14,236.0
15,198.5
16,222.0
17,179.0
18,181.5
19,243.0
20,194.0
21,194.0
22,248.0
23,185.5
24,241.0
25,219.5
26,282.0
27,185.0
28,145.0
29,213.0
30,236.5
31,233.0
32,269.0
33,242.0
34,230.0
35,206.0
36,202.5
37,269.0
38,189.0
39,269.5
40,198.0
41,210.0
42,203.5
43,243.5
44,224.0
45,199.5
46,237.5
47,197.5
48,203.0
49,271.0
50,195.0
51,274.0
52,170.0
53,226.0
54,254.0
55,256.5
56,200.5
57,263.5
58,236.0
59,179.0
60,180.5
61,269.0
62,200.0
63,223.5
64,224.0
65,253.0
66,190.0
67,195.5
68,187.0
69,193.5
70,292.0
71,184.0
72,245.5
73,233.5
74,163.5
75,204.5
76,224.0
77,221.0
78,229.5
79,172.0
80,205.0
81,206.5
82,204.0
83,158.0
84,234.0
85,158.5
86,292.0
87,225.5
88,235.5
89,159.5
90,212.5
91,230.0
92,202.0
93,236.0
94,271.0
95,254.0
96,180.0
97,216.5
98,238.0
99,298.0
