,0
0,306.0
1,435.0
2,465.0
3,409.0
4,384.5
5,321.0
6,404.0
7,456.0
8,388.5
9,378.0
10,419.0
11,264.0
12,423.0
13,423.0
14,467.0
15,373.5
16,421.5
17,352.0
18,426.5
19,438.5
20,495.0
21,404.0
22,344.5
23,399.0
24,359.5
25,376.5
26,445.0
27,471.5
28,338.0
29,438.0
30,366.5
31,351.5
32,270.0
33,352.0
34,498.0
35,347.0
36,375.0
37,437.5
38,401.5
39,468.0
40,436.0
41,425.0
42,448.5
43,447.5
44,390.0
45,344.0
46,444.5
47,463.0
48,372.5
49,404.0
50,394.5
51,468.5
52,430.0
53,305.5
54,395.0
55,422.0
56,393.0
57,427.0
58,375.0
59,386.5
60,430.5
61,343.5
62,311.5
63,347.0
64,437.0
65,364.0
66,415.5
67,344.5
68,486.0
69,471.5
70,490.0
71,363.0
72,381.5
73,428.5
74,486.0
75,440.5
76,427.0
77,464.5
78,358.5
79,399.5
80,417.0
81,393.0
82,337.5
83,444.0
84,332.5
85,367.0
86,455.5
87,367.0
88,390.0
89,406.0
90,376.5
91,373.5
92,378.0
93,439.0
94,408.5
95,414.5
96,469.0
97,456.5
98,429.0
99,405.0
