,0
0,302.0
1,412.0
2,421.0
3,385.0
4,375.5
5,334.0
6,394.5
7,487.0
8,394.5
9,373.0
10,399.0
11,262.0
12,392.0
13,429.5
14,467.0
15,356.0
16,438.0
17,363.0
18,442.5
19,444.5
20,510.5
21,395.5
22,357.5
23,371.0
24,359.5
25,378.5
26,429.5
27,449.5
28,320.0
29,440.0
30,420.5
31,337.5
32,265.5
33,363.0
34,486.0
35,378.5
36,372.5
37,448.0
38,392.5
39,476.0
40,416.5
41,393.0
42,446.0
43,442.5
44,404.0
45,351.0
46,455.0
47,470.0
48,361.5
49,415.0
50,361.5
51,483.5
52,467.5
53,309.5
54,399.0
55,444.5
56,377.0
57,454.0
58,398.0
59,386.5
60,439.0
61,367.5
62,347.5
63,345.0
64,405.5
65,364.0
66,402.0
67,349.5
68,473.0
69,435.5
70,449.0
71,379.0
72,375.5
73,473.5
74,491.0
75,422.5
76,438.5
77,464.5
78,386.5
79,388.5
80,450.5
81,390.0
82,367.0
83,438.0
84,360.0
85,361.0
86,440.0
87,336.5
88,377.5
89,375.0
90,371.0
91,372.5
92,380.0
93,456.0
94,408.5
95,435.0
96,450.0
97,459.5
98,409.0
99,401.5
