,0
0,301.0
1,404.5
2,460.0
3,410.0
4,366.5
5,288.5
6,409.0
7,467.0
8,375.5
9,395.5
10,400.5
11,264.0
12,377.5
13,379.0
14,434.0
15,351.5
16,429.0
17,324.0
18,412.5
19,388.0
20,496.0
21,388.0
22,331.0
23,336.0
24,348.5
25,337.5
26,409.0
27,420.5
28,345.5
29,361.0
30,400.0
31,322.5
32,268.0
33,341.0
34,389.5
35,371.0
36,378.5
37,461.0
38,382.0
39,408.0
40,441.0
41,358.0
42,419.0
43,407.5
44,386.0
45,351.5
46,392.0
47,423.0
48,364.5
49,384.5
50,364.5
51,480.0
52,457.0
53,294.5
54,391.5
55,407.5
56,377.0
57,443.5
58,390.5
59,374.0
60,415.5
61,342.5
62,322.0
63,344.0
64,410.0
65,339.0
66,424.0
67,369.5
68,453.0
69,440.0
70,440.5
71,393.0
72,415.0
73,427.5
74,467.5
75,426.5
76,441.5
77,462.0
78,338.0
79,363.5
80,410.5
81,323.5
82,341.5
83,399.0
84,332.0
85,385.0
86,463.5
87,351.0
88,399.0
89,398.0
90,375.5
91,339.5
92,375.0
93,436.5
94,375.0
95,431.0
96,481.5
97,442.5
98,394.0
99,362.5
