,0
0,233.5
1,255.0
2,252.0
3,237.0
4,205.0
5,341.0
6,228.5
7,271.0
8,274.0
9,263.0
10,224.0
11,252.0
12,220.5
13,207.0
14,272.0
15,255.0
16,261.0
17,231.0
18,234.0
19,236.0
20,271.0
21,174.0
22,228.0
23,188.5
24,367.0
25,210.5
26,179.0
27,199.0
28,384.0
29,177.5
30,303.0
31,274.0
32,314.0
33,256.0
34,309.0
35,190.5
36,268.0
37,222.0
38,341.0
39,230.5
40,284.5
41,212.5
42,221.0
43,233.0
44,253.0
45,244.0
46,175.5
47,267.5
48,184.5
49,194.0
50,236.0
51,296.0
52,282.0
53,290.0
54,298.5
55,407.5
56,161.0
57,156.5
58,211.0
59,288.5
60,246.0
61,372.0
62,222.5
63,271.5
64,287.0
65,175.0
66,144.0
67,183.5
68,299.0
69,186.0
70,155.0
71,242.5
72,249.5
73,271.0
74,205.0
75,230.5
76,226.5
77,217.0
78,399.0
79,223.0
80,154.0
81,238.0
82,356.0
83,339.0
84,248.0
85,205.0
86,253.0
87,131.0
88,268.0
89,200.0
90,284.5
91,351.0
92,301.0
93,248.0
94,383.5
95,237.5
96,297.0
97,212.5
98,329.0
99,343.0
