,0
0,229.5
1,246.0
2,229.0
3,253.5
4,190.0
5,348.0
6,201.5
7,251.5
8,284.0
9,301.0
10,237.0
11,268.0
12,255.5
13,213.0
14,243.0
15,254.0
16,259.0
17,236.5
18,241.0
19,237.0
20,251.0
21,190.0
22,234.0
23,207.5
24,387.5
25,224.0
26,179.0
27,230.0
28,341.0
29,187.5
30,296.0
31,262.0
32,309.0
33,268.5
34,320.5
35,187.5
36,253.0
37,225.0
38,318.5
39,231.5
40,270.5
41,261.5
42,214.0
43,217.0
44,262.5
45,238.5
46,168.5
47,269.0
48,165.5
49,202.0
50,256.0
51,302.5
52,251.5
53,300.0
54,305.5
55,356.0
56,186.0
57,171.5
58,222.5
59,293.0
60,224.0
61,338.0
62,221.5
63,288.0
64,273.0
65,185.5
66,146.0
67,163.5
68,287.0
69,189.5
70,154.0
71,253.5
72,254.0
73,281.0
74,225.0
75,265.5
76,217.5
77,229.0
78,399.0
79,230.0
80,178.0
81,240.0
82,353.0
83,331.0
84,258.0
85,181.0
86,263.0
87,118.5
88,300.5
89,226.0
90,279.5
91,343.0
92,307.5
93,223.0
94,393.5
95,255.5
96,305.0
97,217.5
98,318.0
99,343.0
